0.35,0.14,0.14,9.8,-0.09,-2.76,-36.0,37.0,-33.0
0.35,0.14,0.14,9.8,-0.09,-2.76,-36.0,37.0,-33.0
0.35,0.14,0.14,9.8,-0.09,-2.76,-36.0,37.0,-33.0
0.35,0.14,0.14,9.8,-0.09,-2.76,-36.0,37.0,-33.0
0.36,0.14,0.14,9.79,-0.05,-2.82,-36.0,37.0,-34.0
0.36,0.14,0.14,9.79,-0.05,-2.82,-36.0,37.0,-34.0
0.36,0.14,0.14,9.79,-0.05,-2.82,-36.0,37.0,-34.0
0.36,0.14,0.14,9.79,-0.05,-2.82,-36.0,37.0,-34.0
0.34,0.14,0.13,9.81,-0.03,-2.82,-36.0,37.0,-34.0
0.34,0.14,0.13,9.81,-0.03,-2.82,-36.0,37.0,-34.0
0.34,0.14,0.13,9.81,-0.03,-2.82,-36.0,37.0,-34.0
0.34,0.14,0.13,9.81,-0.03,-2.82,-36.0,37.0,-34.0
0.34,0.14,0.13,9.81,-0.03,-2.82,-36.0,37.0,-34.0
0.35,0.14,0.11,9.82,-0.11,-2.82,-36.0,37.0,-33.0
0.35,0.14,0.11,9.82,-0.11,-2.82,-36.0,37.0,-33.0
0.35,0.14,0.11,9.82,-0.11,-2.82,-36.0,37.0,-33.0
0.37,0.15,0.14,9.82,-0.05,-2.86,-36.0,37.0,-33.0
0.37,0.15,0.14,9.82,-0.05,-2.86,-36.0,37.0,-33.0
0.37,0.15,0.14,9.82,-0.05,-2.86,-36.0,37.0,-33.0
0.37,0.15,0.14,9.82,-0.05,-2.86,-36.0,37.0,-33.0
0.37,0.15,0.14,9.82,-0.05,-2.86,-36.0,37.0,-33.0
0.38,0.15,0.13,9.8,-0.04,-2.79,-36.0,37.0,-33.0
0.38,0.15,0.13,9.8,-0.04,-2.79,-36.0,37.0,-33.0
0.38,0.15,0.13,9.8,-0.04,-2.79,-36.0,37.0,-33.0
0.38,0.15,0.13,9.8,-0.04,-2.79,-36.0,37.0,-33.0
0.38,0.15,0.13,9.8,-0.04,-2.79,-36.0,37.0,-33.0
0.36,0.13,0.15,9.82,-0.06,-2.79,-36.0,37.0,-33.0
0.36,0.13,0.15,9.82,-0.06,-2.79,-36.0,37.0,-33.0
0.36,0.13,0.15,9.82,-0.06,-2.79,-36.0,37.0,-33.0
0.35,0.13,0.13,9.83,-0.06,-2.78,-36.0,37.0,-33.0
0.35,0.13,0.13,9.83,-0.06,-2.78,-36.0,37.0,-33.0
0.35,0.13,0.13,9.83,-0.06,-2.78,-36.0,37.0,-33.0
0.35,0.13,0.13,9.83,-0.06,-2.78,-36.0,37.0,-33.0
0.35,0.13,0.13,9.83,-0.06,-2.78,-36.0,37.0,-33.0
0.36,0.16,0.13,9.82,-0.02,-2.8,-36.0,37.0,-33.0
0.36,0.16,0.13,9.82,-0.02,-2.8,-36.0,37.0,-33.0
0.36,0.16,0.13,9.82,-0.02,-2.8,-36.0,37.0,-33.0
0.36,0.16,0.13,9.82,-0.02,-2.8,-36.0,37.0,-33.0
0.37,0.14,0.13,9.84,-0.1,-2.81,-36.0,37.0,-33.0
0.37,0.14,0.13,9.84,-0.1,-2.81,-36.0,37.0,-33.0
0.37,0.14,0.13,9.84,-0.1,-2.81,-36.0,37.0,-33.0
0.37,0.14,0.13,9.84,-0.1,-2.81,-36.0,37.0,-33.0
0.37,0.14,0.13,9.84,-0.1,-2.81,-36.0,37.0,-33.0
0.35,0.13,0.13,9.82,-0.08,-2.78,-35.0,37.0,-33.0
0.35,0.13,0.13,9.82,-0.08,-2.78,-35.0,37.0,-33.0
0.35,0.13,0.13,9.82,-0.08,-2.78,-35.0,37.0,-33.0
0.35,0.13,0.13,9.82,-0.08,-2.78,-35.0,37.0,-33.0
0.35,0.13,0.13,9.82,-0.08,-2.78,-35.0,37.0,-33.0
0.38,0.14,0.13,9.81,-0.06,-2.8,-36.0,37.0,-34.0
0.38,0.14,0.13,9.81,-0.06,-2.8,-36.0,37.0,-34.0
0.38,0.14,0.13,9.81,-0.06,-2.8,-36.0,37.0,-34.0
0.38,0.14,0.13,9.81,-0.06,-2.8,-36.0,37.0,-34.0
0.38,0.14,0.13,9.81,-0.06,-2.8,-36.0,37.0,-34.0
0.38,0.14,0.13,9.81,-0.06,-2.8,-36.0,37.0,-34.0
0.38,0.18,0.15,9.8,-0.05,-2.78,-36.0,37.0,-33.0
0.38,0.18,0.15,9.8,-0.05,-2.78,-36.0,37.0,-33.0
0.38,0.18,0.15,9.8,-0.05,-2.78,-36.0,37.0,-33.0
0.38,0.18,0.15,9.8,-0.05,-2.78,-36.0,37.0,-33.0
0.36,0.2,0.11,9.78,-0.04,-2.77,-36.0,37.0,-33.0
0.36,0.2,0.11,9.78,-0.04,-2.77,-36.0,37.0,-33.0
0.36,0.2,0.11,9.78,-0.04,-2.77,-36.0,37.0,-33.0
0.36,0.2,0.11,9.78,-0.04,-2.77,-36.0,37.0,-33.0
0.36,0.2,0.11,9.78,-0.04,-2.77,-36.0,37.0,-33.0
0.37,0.16,0.14,9.84,-0.04,-2.76,-36.0,37.0,-33.0
0.37,0.16,0.14,9.84,-0.04,-2.76,-36.0,37.0,-33.0
0.37,0.16,0.14,9.84,-0.04,-2.76,-36.0,37.0,-33.0
0.37,0.16,0.14,9.84,-0.04,-2.76,-36.0,37.0,-33.0
0.37,0.16,0.14,9.84,-0.04,-2.76,-36.0,37.0,-33.0
0.38,0.18,0.12,9.77,-0.03,-2.8,-36.0,37.0,-34.0
0.38,0.18,0.12,9.77,-0.03,-2.8,-36.0,37.0,-34.0
0.38,0.18,0.12,9.77,-0.03,-2.8,-36.0,37.0,-34.0
0.38,0.18,0.12,9.77,-0.03,-2.8,-36.0,37.0,-34.0
0.38,0.18,0.12,9.77,-0.03,-2.8,-36.0,37.0,-34.0
-0.94,2.42,3.41,9.64,0.7,-2.74,-39.0,33.0,-33.0
-0.94,2.42,3.41,9.64,0.7,-2.74,-39.0,33.0,-33.0
-0.94,2.42,3.41,9.64,0.7,-2.74,-39.0,33.0,-33.0
-0.94,2.42,3.41,9.64,0.7,-2.74,-39.0,33.0,-33.0
-0.94,2.42,3.41,9.64,0.7,-2.74,-39.0,33.0,-33.0
1.39,1.14,3.25,7.97,5.18,1.0,-43.0,16.0,-27.0
1.39,1.14,3.25,7.97,5.18,1.0,-43.0,16.0,-27.0
1.39,1.14,3.25,7.97,5.18,1.0,-43.0,16.0,-27.0
1.39,1.14,3.25,7.97,5.18,1.0,-43.0,16.0,-27.0
1.39,1.14,3.25,7.97,5.18,1.0,-43.0,16.0,-27.0
1.97,2.76,-2.81,9.61,3.05,2.86,-49.0,15.0,-34.0
1.97,2.76,-2.81,9.61,3.05,2.86,-49.0,15.0,-34.0
1.97,2.76,-2.81,9.61,3.05,2.86,-49.0,15.0,-34.0
1.97,2.76,-2.81,9.61,3.05,2.86,-49.0,15.0,-34.0
1.97,2.76,-2.81,9.61,3.05,2.86,-49.0,15.0,-34.0
3.11,-0.42,3.28,8.57,6.37,-4.74,-52.0,8.0,-41.0
3.11,-0.42,3.28,8.57,6.37,-4.74,-52.0,8.0,-41.0
3.11,-0.42,3.28,8.57,6.37,-4.74,-52.0,8.0,-41.0
3.11,-0.42,3.28,8.57,6.37,-4.74,-52.0,8.0,-41.0
3.11,-0.42,3.28,8.57,6.37,-4.74,-52.0,8.0,-41.0
3.63,-6.67,3.87,7.27,5.09,6.32,-17.0,2.0,-22.0
3.63,-6.67,3.87,7.27,5.09,6.32,-17.0,2.0,-22.0
3.63,-6.67,3.87,7.27,5.09,6.32,-17.0,2.0,-22.0
3.63,-6.67,3.87,7.27,5.09,6.32,-17.0,2.0,-22.0
3.63,-6.67,3.87,7.27,5.09,6.32,-17.0,2.0,-22.0
-8.1,9.82,-4.48,5.38,7.14,-1.01,-38.0,16.0,-25.0
-8.1,9.82,-4.48,5.38,7.14,-1.01,-38.0,16.0,-25.0
-8.1,9.82,-4.48,5.38,7.14,-1.01,-38.0,16.0,-25.0
-8.1,9.82,-4.48,5.38,7.14,-1.01,-38.0,16.0,-25.0
-8.1,9.82,-4.48,5.38,7.14,-1.01,-38.0,16.0,-25.0
-8.1,9.82,-4.48,5.38,7.14,-1.01,-38.0,16.0,-25.0
6.24,-0.78,6.02,8.13,2.02,6.38,-30.0,3.0,-23.0
6.24,-0.78,6.02,8.13,2.02,6.38,-30.0,3.0,-23.0
6.24,-0.78,6.02,8.13,2.02,6.38,-30.0,3.0,-23.0
6.24,-0.78,6.02,8.13,2.02,6.38,-30.0,3.0,-23.0
-3.07,11.16,-8.33,7.74,5.38,0.16,-36.0,16.0,-25.0
-3.07,11.16,-8.33,7.74,5.38,0.16,-36.0,16.0,-25.0
-3.07,11.16,-8.33,7.74,5.38,0.16,-36.0,16.0,-25.0
-3.07,11.16,-8.33,7.74,5.38,0.16,-36.0,16.0,-25.0
-3.07,11.16,-8.33,7.74,5.38,0.16,-36.0,16.0,-25.0
0.77,2.09,4.58,-1.15,1.02,9.08,-12.0,-19.0,-39.0
0.77,2.09,4.58,-1.15,1.02,9.08,-12.0,-19.0,-39.0
0.77,2.09,4.58,-1.15,1.02,9.08,-12.0,-19.0,-39.0
0.77,2.09,4.58,-1.15,1.02,9.08,-12.0,-19.0,-39.0
0.77,2.09,4.58,-1.15,1.02,9.08,-12.0,-19.0,-39.0
-9.67,-9.88,-1.91,6.5,6.13,-1.21,-32.0,24.0,-25.0
-9.67,-9.88,-1.91,6.5,6.13,-1.21,-32.0,24.0,-25.0
-9.67,-9.88,-1.91,6.5,6.13,-1.21,-32.0,24.0,-25.0
-9.67,-9.88,-1.91,6.5,6.13,-1.21,-32.0,24.0,-25.0
-9.67,-9.88,-1.91,6.5,6.13,-1.21,-32.0,24.0,-25.0
-9.67,-9.88,-1.91,6.5,6.13,-1.21,-32.0,24.0,-25.0
-0.02,-1.72,0.45,3.24,1.73,-9.92,-41.0,35.0,-54.0
-0.02,-1.72,0.45,3.24,1.73,-9.92,-41.0,35.0,-54.0
-0.02,-1.72,0.45,3.24,1.73,-9.92,-41.0,35.0,-54.0
-0.02,-1.72,0.45,3.24,1.73,-9.92,-41.0,35.0,-54.0
-0.09,-0.94,0.12,2.11,2.82,-9.7,-41.0,34.0,-56.0
-0.09,-0.94,0.12,2.11,2.82,-9.7,-41.0,34.0,-56.0
-0.09,-0.94,0.12,2.11,2.82,-9.7,-41.0,34.0,-56.0
-0.09,-0.94,0.12,2.11,2.82,-9.7,-41.0,34.0,-56.0
-0.09,-0.94,0.12,2.11,2.82,-9.7,-41.0,34.0,-56.0
0.87,0.14,0.08,0.91,2.53,-9.49,-41.0,33.0,-59.0
0.87,0.14,0.08,0.91,2.53,-9.49,-41.0,33.0,-59.0
0.87,0.14,0.08,0.91,2.53,-9.49,-41.0,33.0,-59.0
0.87,0.14,0.08,0.91,2.53,-9.49,-41.0,33.0,-59.0
0.87,0.14,0.08,0.91,2.53,-9.49,-41.0,33.0,-59.0
0.87,0.14,0.08,0.91,2.53,-9.49,-41.0,33.0,-59.0
7.98,11.67,0.97,7.67,6.66,-0.86,-35.0,20.0,-25.0
7.98,11.67,0.97,7.67,6.66,-0.86,-35.0,20.0,-25.0
7.98,11.67,0.97,7.67,6.66,-0.86,-35.0,20.0,-25.0
7.98,11.67,0.97,7.67,6.66,-0.86,-35.0,20.0,-25.0
7.98,11.67,0.97,7.67,6.66,-0.86,-35.0,20.0,-25.0
1.37,8.67,2.97,-1.59,5.34,7.38,-13.0,-14.0,-33.0
1.37,8.67,2.97,-1.59,5.34,7.38,-13.0,-14.0,-33.0
1.37,8.67,2.97,-1.59,5.34,7.38,-13.0,-14.0,-33.0
1.37,8.67,2.97,-1.59,5.34,7.38,-13.0,-14.0,-33.0
1.37,8.67,2.97,-1.59,5.34,7.38,-13.0,-14.0,-33.0
-0.06,3.66,2.43,-9.72,0.92,1.73,1.0,-12.0,-57.0
-0.06,3.66,2.43,-9.72,0.92,1.73,1.0,-12.0,-57.0
-0.06,3.66,2.43,-9.72,0.92,1.73,1.0,-12.0,-57.0
-0.06,3.66,2.43,-9.72,0.92,1.73,1.0,-12.0,-57.0
-0.06,3.66,2.43,-9.72,0.92,1.73,1.0,-12.0,-57.0
-3.41,-10.21,-3.83,1.52,6.34,6.89,-17.0,-8.0,-26.0
-3.41,-10.21,-3.83,1.52,6.34,6.89,-17.0,-8.0,-26.0
-3.41,-10.21,-3.83,1.52,6.34,6.89,-17.0,-8.0,-26.0
-3.41,-10.21,-3.83,1.52,6.34,6.89,-17.0,-8.0,-26.0
-4.56,-3.07,-1.3,8.48,4.04,-3.52,-32.0,31.0,-30.0
-4.56,-3.07,-1.3,8.48,4.04,-3.52,-32.0,31.0,-30.0
-4.56,-3.07,-1.3,8.48,4.04,-3.52,-32.0,31.0,-30.0
-4.56,-3.07,-1.3,8.48,4.04,-3.52,-32.0,31.0,-30.0
-4.56,-3.07,-1.3,8.48,4.04,-3.52,-32.0,31.0,-30.0
0.19,4.8,4.91,7.31,3.78,-6.32,-46.0,29.0,-42.0
0.19,4.8,4.91,7.31,3.78,-6.32,-46.0,29.0,-42.0
0.19,4.8,4.91,7.31,3.78,-6.32,-46.0,29.0,-42.0
0.19,4.8,4.91,7.31,3.78,-6.32,-46.0,29.0,-42.0
0.19,4.8,4.91,7.31,3.78,-6.32,-46.0,29.0,-42.0
0.19,4.8,4.91,7.31,3.78,-6.32,-46.0,29.0,-42.0
3.04,2.47,3.67,1.23,8.36,4.47,-36.0,-15.0,-37.0
3.04,2.47,3.67,1.23,8.36,4.47,-36.0,-15.0,-37.0
3.04,2.47,3.67,1.23,8.36,4.47,-36.0,-15.0,-37.0
3.04,2.47,3.67,1.23,8.36,4.47,-36.0,-15.0,-37.0
3.04,2.47,3.67,1.23,8.36,4.47,-36.0,-15.0,-37.0
2.47,-2.8,4.35,-6.08,1.78,7.23,-6.0,-18.0,-48.0
2.47,-2.8,4.35,-6.08,1.78,7.23,-6.0,-18.0,-48.0
2.47,-2.8,4.35,-6.08,1.78,7.23,-6.0,-18.0,-48.0
2.47,-2.8,4.35,-6.08,1.78,7.23,-6.0,-18.0,-48.0
2.47,-2.8,4.35,-6.08,1.78,7.23,-6.0,-18.0,-48.0
-13.97,-12.69,0.14,6.06,4.2,5.94,-6.0,23.0,-28.0
-13.97,-12.69,0.14,6.06,4.2,5.94,-6.0,23.0,-28.0
-13.97,-12.69,0.14,6.06,4.2,5.94,-6.0,23.0,-28.0
-13.97,-12.69,0.14,6.06,4.2,5.94,-6.0,23.0,-28.0
-13.97,-12.69,0.14,6.06,4.2,5.94,-6.0,23.0,-28.0
0.62,12.67,8.77,-0.79,4.67,7.71,-19.0,-19.0,-38.0
0.62,12.67,8.77,-0.79,4.67,7.71,-19.0,-19.0,-38.0
0.62,12.67,8.77,-0.79,4.67,7.71,-19.0,-19.0,-38.0
0.62,12.67,8.77,-0.79,4.67,7.71,-19.0,-19.0,-38.0
0.62,12.67,8.77,-0.79,4.67,7.71,-19.0,-19.0,-38.0
-3.92,-8.82,-3.06,8.24,4.41,2.22,-13.0,27.0,-27.0
-3.92,-8.82,-3.06,8.24,4.41,2.22,-13.0,27.0,-27.0
-3.92,-8.82,-3.06,8.24,4.41,2.22,-13.0,27.0,-27.0
-3.92,-8.82,-3.06,8.24,4.41,2.22,-13.0,27.0,-27.0
-3.92,-8.82,-3.06,8.24,4.41,2.22,-13.0,27.0,-27.0
-3.92,-8.82,-3.06,8.24,4.41,2.22,-13.0,27.0,-27.0
0.86,14.19,7.93,4.71,2.94,8.12,-22.0,-11.0,-27.0
0.86,14.19,7.93,4.71,2.94,8.12,-22.0,-11.0,-27.0
0.86,14.19,7.93,4.71,2.94,8.12,-22.0,-11.0,-27.0
0.86,14.19,7.93,4.71,2.94,8.12,-22.0,-11.0,-27.0
-10.42,-4.46,-1.65,9.03,5.16,-1.27,-16.0,35.0,-34.0
-10.42,-4.46,-1.65,9.03,5.16,-1.27,-16.0,35.0,-34.0
-10.42,-4.46,-1.65,9.03,5.16,-1.27,-16.0,35.0,-34.0
-10.42,-4.46,-1.65,9.03,5.16,-1.27,-16.0,35.0,-34.0
-10.42,-4.46,-1.65,9.03,5.16,-1.27,-16.0,35.0,-34.0
-1.65,11.59,8.05,6.65,5.85,4.48,-41.0,-3.0,-30.0
-1.65,11.59,8.05,6.65,5.85,4.48,-41.0,-3.0,-30.0
-1.65,11.59,8.05,6.65,5.85,4.48,-41.0,-3.0,-30.0
-1.65,11.59,8.05,6.65,5.85,4.48,-41.0,-3.0,-30.0
-1.65,11.59,8.05,6.65,5.85,4.48,-41.0,-3.0,-30.0
-0.26,-12.35,6.36,-2.96,3.41,9.51,-7.0,-10.0,-33.0
-0.26,-12.35,6.36,-2.96,3.41,9.51,-7.0,-10.0,-33.0
-0.26,-12.35,6.36,-2.96,3.41,9.51,-7.0,-10.0,-33.0
-0.26,-12.35,6.36,-2.96,3.41,9.51,-7.0,-10.0,-33.0
-0.26,-12.35,6.36,-2.96,3.41,9.51,-7.0,-10.0,-33.0
-8.05,7.12,0.98,9.83,3.65,-3.53,-31.0,32.0,-31.0
-8.05,7.12,0.98,9.83,3.65,-3.53,-31.0,32.0,-31.0
-8.05,7.12,0.98,9.83,3.65,-3.53,-31.0,32.0,-31.0
-8.05,7.12,0.98,9.83,3.65,-3.53,-31.0,32.0,-31.0
-8.05,7.12,0.98,9.83,3.65,-3.53,-31.0,32.0,-31.0
-8.05,7.12,0.98,9.83,3.65,-3.53,-31.0,32.0,-31.0
-2.41,-7.01,5.78,-2.38,5.68,6.79,-17.0,-20.0,-42.0
-2.41,-7.01,5.78,-2.38,5.68,6.79,-17.0,-20.0,-42.0
-2.41,-7.01,5.78,-2.38,5.68,6.79,-17.0,-20.0,-42.0
-2.41,-7.01,5.78,-2.38,5.68,6.79,-17.0,-20.0,-42.0
-11.45,-2.24,-2.04,7.32,5.28,-2.4,-24.0,35.0,-33.0
-11.45,-2.24,-2.04,7.32,5.28,-2.4,-24.0,35.0,-33.0
-11.45,-2.24,-2.04,7.32,5.28,-2.4,-24.0,35.0,-33.0
-11.45,-2.24,-2.04,7.32,5.28,-2.4,-24.0,35.0,-33.0
-11.45,-2.24,-2.04,7.32,5.28,-2.4,-24.0,35.0,-33.0
5.53,14.1,10.86,5.61,7.38,1.68,-42.0,-6.0,-32.0
5.53,14.1,10.86,5.61,7.38,1.68,-42.0,-6.0,-32.0
5.53,14.1,10.86,5.61,7.38,1.68,-42.0,-6.0,-32.0
5.53,14.1,10.86,5.61,7.38,1.68,-42.0,-6.0,-32.0
5.53,14.1,10.86,5.61,7.38,1.68,-42.0,-6.0,-32.0
-1.77,-14.12,4.79,-2.06,4.54,9.85,-7.0,-6.0,-29.0
-1.77,-14.12,4.79,-2.06,4.54,9.85,-7.0,-6.0,-29.0
-1.77,-14.12,4.79,-2.06,4.54,9.85,-7.0,-6.0,-29.0
-1.77,-14.12,4.79,-2.06,4.54,9.85,-7.0,-6.0,-29.0
-1.77,-14.12,4.79,-2.06,4.54,9.85,-7.0,-6.0,-29.0
-4.76,9.72,-4.6,14.78,0.19,4.74,-8.0,22.0,-27.0
-4.76,9.72,-4.6,14.78,0.19,4.74,-8.0,22.0,-27.0
-4.76,9.72,-4.6,14.78,0.19,4.74,-8.0,22.0,-27.0
-4.76,9.72,-4.6,14.78,0.19,4.74,-8.0,22.0,-27.0
-4.76,9.72,-4.6,14.78,0.19,4.74,-8.0,22.0,-27.0
4.17,2.49,3.08,4.45,7.11,5.1,-35.0,-10.0,-29.0
4.17,2.49,3.08,4.45,7.11,5.1,-35.0,-10.0,-29.0
4.17,2.49,3.08,4.45,7.11,5.1,-35.0,-10.0,-29.0
4.17,2.49,3.08,4.45,7.11,5.1,-35.0,-10.0,-29.0
4.17,2.49,3.08,4.45,7.11,5.1,-35.0,-10.0,-29.0
3.71,-2.81,6.95,2.93,2.29,8.11,-8.0,28.0,-30.0
3.71,-2.81,6.95,2.93,2.29,8.11,-8.0,28.0,-30.0
3.71,-2.81,6.95,2.93,2.29,8.11,-8.0,28.0,-30.0
3.71,-2.81,6.95,2.93,2.29,8.11,-8.0,28.0,-30.0
3.71,-2.81,6.95,2.93,2.29,8.11,-8.0,28.0,-30.0
-5.26,4.15,-4.88,5.36,4.91,6.87,-23.0,-7.0,-25.0
-5.26,4.15,-4.88,5.36,4.91,6.87,-23.0,-7.0,-25.0
-5.26,4.15,-4.88,5.36,4.91,6.87,-23.0,-7.0,-25.0
-5.26,4.15,-4.88,5.36,4.91,6.87,-23.0,-7.0,-25.0
-5.26,4.15,-4.88,5.36,4.91,6.87,-23.0,-7.0,-25.0
3.97,-7.91,0.7,8.98,3.71,3.86,-47.0,4.0,-31.0
3.97,-7.91,0.7,8.98,3.71,3.86,-47.0,4.0,-31.0
3.97,-7.91,0.7,8.98,3.71,3.86,-47.0,4.0,-31.0
3.97,-7.91,0.7,8.98,3.71,3.86,-47.0,4.0,-31.0
3.97,-7.91,0.7,8.98,3.71,3.86,-47.0,4.0,-31.0
2.68,1.77,-4.54,8.36,-0.58,-3.3,-37.0,36.0,-36.0
2.68,1.77,-4.54,8.36,-0.58,-3.3,-37.0,36.0,-36.0
2.68,1.77,-4.54,8.36,-0.58,-3.3,-37.0,36.0,-36.0
2.68,1.77,-4.54,8.36,-0.58,-3.3,-37.0,36.0,-36.0
-3.36,0.42,0.0,10.51,-0.1,-1.27,-33.0,35.0,-30.0
-3.36,0.42,0.0,10.51,-0.1,-1.27,-33.0,35.0,-30.0
-3.36,0.42,0.0,10.51,-0.1,-1.27,-33.0,35.0,-30.0
-3.36,0.42,0.0,10.51,-0.1,-1.27,-33.0,35.0,-30.0
-3.36,0.42,0.0,10.51,-0.1,-1.27,-33.0,35.0,-30.0
0.13,-0.27,0.22,10.13,0.03,-1.84,-36.0,35.0,-31.0
0.13,-0.27,0.22,10.13,0.03,-1.84,-36.0,35.0,-31.0
0.13,-0.27,0.22,10.13,0.03,-1.84,-36.0,35.0,-31.0
0.13,-0.27,0.22,10.13,0.03,-1.84,-36.0,35.0,-31.0
0.13,-0.27,0.22,10.13,0.03,-1.84,-36.0,35.0,-31.0
0.37,0.17,0.13,9.99,-0.02,-1.88,-36.0,35.0,-31.0
0.37,0.17,0.13,9.99,-0.02,-1.88,-36.0,35.0,-31.0
0.37,0.17,0.13,9.99,-0.02,-1.88,-36.0,35.0,-31.0
0.37,0.17,0.13,9.99,-0.02,-1.88,-36.0,35.0,-31.0
0.37,0.17,0.13,9.99,-0.02,-1.88,-36.0,35.0,-31.0
0.37,0.15,0.14,10.03,-0.02,-1.91,-36.0,35.0,-31.0
0.37,0.15,0.14,10.03,-0.02,-1.91,-36.0,35.0,-31.0
0.37,0.15,0.14,10.03,-0.02,-1.91,-36.0,35.0,-31.0
0.37,0.15,0.14,10.03,-0.02,-1.91,-36.0,35.0,-31.0
0.37,0.15,0.14,10.03,-0.02,-1.91,-36.0,35.0,-31.0
0.36,0.16,0.1,9.98,-0.03,-1.92,-36.0,35.0,-31.0
0.36,0.16,0.1,9.98,-0.03,-1.92,-36.0,35.0,-31.0
0.36,0.16,0.1,9.98,-0.03,-1.92,-36.0,35.0,-31.0
0.36,0.16,0.1,9.98,-0.03,-1.92,-36.0,35.0,-31.0
0.34,0.16,0.13,10.03,0.02,-1.92,-36.0,35.0,-31.0
0.34,0.16,0.13,10.03,0.02,-1.92,-36.0,35.0,-31.0
0.34,0.16,0.13,10.03,0.02,-1.92,-36.0,35.0,-31.0
0.34,0.16,0.13,10.03,0.02,-1.92,-36.0,35.0,-31.0
0.34,0.16,0.13,10.03,0.02,-1.92,-36.0,35.0,-31.0
0.37,0.16,0.13,10.04,-0.02,-1.86,-36.0,35.0,-31.0
0.37,0.16,0.13,10.04,-0.02,-1.86,-36.0,35.0,-31.0
0.37,0.16,0.13,10.04,-0.02,-1.86,-36.0,35.0,-31.0
0.37,0.16,0.13,10.04,-0.02,-1.86,-36.0,35.0,-31.0
0.37,0.12,0.15,10.01,0.01,-1.85,-36.0,35.0,-31.0
0.37,0.12,0.15,10.01,0.01,-1.85,-36.0,35.0,-31.0
0.37,0.12,0.15,10.01,0.01,-1.85,-36.0,35.0,-31.0
0.38,0.16,0.1,10.01,0.02,-1.91,-36.0,35.0,-31.0
0.38,0.16,0.1,10.01,0.02,-1.91,-36.0,35.0,-31.0
0.38,0.16,0.1,10.01,0.02,-1.91,-36.0,35.0,-31.0
0.38,0.16,0.1,10.01,0.02,-1.91,-36.0,35.0,-31.0
0.38,0.16,0.1,10.01,0.02,-1.91,-36.0,35.0,-31.0
0.38,0.16,0.1,10.01,0.02,-1.91,-36.0,35.0,-31.0
0.36,0.15,0.14,10.0,-0.03,-1.87,-36.0,35.0,-31.0
0.36,0.15,0.14,10.0,-0.03,-1.87,-36.0,35.0,-31.0
0.36,0.15,0.14,10.0,-0.03,-1.87,-36.0,35.0,-31.0
0.36,0.15,0.14,10.0,-0.03,-1.87,-36.0,35.0,-31.0
0.36,0.15,0.13,10.04,-0.03,-1.88,-36.0,35.0,-31.0
0.36,0.15,0.13,10.04,-0.03,-1.88,-36.0,35.0,-31.0
0.36,0.15,0.13,10.04,-0.03,-1.88,-36.0,35.0,-31.0
0.36,0.15,0.13,10.04,-0.03,-1.88,-36.0,35.0,-31.0
0.36,0.15,0.13,10.04,-0.03,-1.88,-36.0,35.0,-31.0
0.38,0.14,0.12,10.01,-0.0,-1.88,-36.0,35.0,-31.0
0.38,0.14,0.12,10.01,-0.0,-1.88,-36.0,35.0,-31.0
0.38,0.14,0.12,10.01,-0.0,-1.88,-36.0,35.0,-31.0
0.38,0.14,0.12,10.01,-0.0,-1.88,-36.0,35.0,-31.0
0.38,0.14,0.12,10.01,-0.0,-1.88,-36.0,35.0,-31.0
0.37,0.15,0.11,10.01,0.02,-1.9,-36.0,35.0,-31.0
0.37,0.15,0.11,10.01,0.02,-1.9,-36.0,35.0,-31.0
0.37,0.15,0.11,10.01,0.02,-1.9,-36.0,35.0,-31.0
0.37,0.15,0.11,10.01,0.02,-1.9,-36.0,35.0,-31.0
0.37,0.15,0.11,10.01,0.02,-1.9,-36.0,35.0,-31.0
0.37,0.15,0.11,10.01,0.02,-1.9,-36.0,35.0,-31.0
0.37,0.13,0.13,10.0,0.0,-1.87,-36.0,35.0,-31.0
0.37,0.13,0.13,10.0,0.0,-1.87,-36.0,35.0,-31.0
0.37,0.13,0.13,10.0,0.0,-1.87,-36.0,35.0,-31.0
0.37,0.13,0.13,10.0,0.0,-1.87,-36.0,35.0,-31.0
0.37,0.13,0.13,10.0,0.0,-1.87,-36.0,35.0,-31.0
0.37,0.13,0.13,10.0,0.0,-1.87,-36.0,35.0,-31.0
0.37,0.16,0.11,10.02,0.01,-1.87,-36.0,35.0,-31.0
0.37,0.16,0.11,10.02,0.01,-1.87,-36.0,35.0,-31.0
0.37,0.16,0.11,10.02,0.01,-1.87,-36.0,35.0,-31.0
0.37,0.16,0.11,10.02,0.01,-1.87,-36.0,35.0,-31.0
0.37,0.16,0.11,10.02,0.01,-1.87,-36.0,35.0,-31.0
0.38,0.14,0.14,9.99,0.01,-1.83,-36.0,35.0,-31.0
0.38,0.14,0.14,9.99,0.01,-1.83,-36.0,35.0,-31.0
0.38,0.14,0.14,9.99,0.01,-1.83,-36.0,35.0,-31.0
0.38,0.14,0.14,9.99,0.01,-1.83,-36.0,35.0,-31.0
0.38,0.14,0.14,9.99,0.01,-1.83,-36.0,35.0,-31.0
0.37,0.14,0.13,10.02,-0.01,-1.88,-36.0,35.0,-31.0
0.37,0.14,0.13,10.02,-0.01,-1.88,-36.0,35.0,-31.0
0.37,0.14,0.13,10.02,-0.01,-1.88,-36.0,35.0,-31.0
0.37,0.14,0.13,10.02,-0.01,-1.88,-36.0,35.0,-31.0
0.37,0.14,0.13,10.02,-0.01,-1.88,-36.0,35.0,-31.0
0.36,0.15,0.13,10.0,0.03,-1.84,-36.0,35.0,-31.0
0.36,0.15,0.13,10.0,0.03,-1.84,-36.0,35.0,-31.0
0.36,0.15,0.13,10.0,0.03,-1.84,-36.0,35.0,-31.0
0.36,0.15,0.13,10.0,0.03,-1.84,-36.0,35.0,-31.0
0.35,0.15,0.12,10.01,-0.02,-1.87,-36.0,35.0,-31.0
0.35,0.15,0.12,10.01,-0.02,-1.87,-36.0,35.0,-31.0
0.35,0.15,0.12,10.01,-0.02,-1.87,-36.0,35.0,-31.0
0.35,0.15,0.12,10.01,-0.02,-1.87,-36.0,35.0,-31.0
0.35,0.15,0.12,10.01,-0.02,-1.87,-36.0,35.0,-31.0
0.36,0.14,0.11,10.02,0.04,-1.88,-36.0,35.0,-31.0
0.36,0.14,0.11,10.02,0.04,-1.88,-36.0,35.0,-31.0
0.36,0.14,0.11,10.02,0.04,-1.88,-36.0,35.0,-31.0
0.36,0.14,0.11,10.02,0.04,-1.88,-36.0,35.0,-31.0
0.36,0.14,0.11,10.02,0.04,-1.88,-36.0,35.0,-31.0
0.38,0.16,0.13,9.98,-0.02,-1.85,-36.0,35.0,-31.0
0.38,0.16,0.13,9.98,-0.02,-1.85,-36.0,35.0,-31.0
0.38,0.16,0.13,9.98,-0.02,-1.85,-36.0,35.0,-31.0
0.38,0.16,0.13,9.98,-0.02,-1.85,-36.0,35.0,-31.0
0.38,0.16,0.13,9.98,-0.02,-1.85,-36.0,35.0,-31.0
0.38,0.16,0.13,9.98,-0.02,-1.85,-36.0,35.0,-31.0
0.39,0.16,0.13,10.03,0.02,-1.87,-36.0,35.0,-31.0
0.39,0.16,0.13,10.03,0.02,-1.87,-36.0,35.0,-31.0
0.39,0.16,0.13,10.03,0.02,-1.87,-36.0,35.0,-31.0
0.39,0.16,0.13,10.03,0.02,-1.87,-36.0,35.0,-31.0
0.39,0.16,0.13,10.03,0.02,-1.87,-36.0,35.0,-31.0
0.38,0.16,0.12,10.01,-0.0,-1.87,-36.0,35.0,-31.0
0.38,0.16,0.12,10.01,-0.0,-1.87,-36.0,35.0,-31.0
0.38,0.16,0.12,10.01,-0.0,-1.87,-36.0,35.0,-31.0
0.38,0.16,0.12,10.01,-0.0,-1.87,-36.0,35.0,-31.0
0.38,0.16,0.12,10.01,-0.0,-1.87,-36.0,35.0,-31.0
0.34,0.11,0.13,9.98,-0.0,-1.86,-36.0,35.0,-31.0
0.34,0.11,0.13,9.98,-0.0,-1.86,-36.0,35.0,-31.0
0.34,0.11,0.13,9.98,-0.0,-1.86,-36.0,35.0,-31.0
0.34,0.11,0.13,9.98,-0.0,-1.86,-36.0,35.0,-31.0
0.34,0.11,0.13,9.98,-0.0,-1.86,-36.0,35.0,-31.0
0.36,0.15,0.13,9.98,-0.02,-1.93,-36.0,35.0,-31.0
0.36,0.15,0.13,9.98,-0.02,-1.93,-36.0,35.0,-31.0
0.36,0.15,0.13,9.98,-0.02,-1.93,-36.0,35.0,-31.0
0.36,0.15,0.13,9.98,-0.02,-1.93,-36.0,35.0,-31.0
0.36,0.15,0.13,9.98,-0.02,-1.93,-36.0,35.0,-31.0
0.39,0.13,0.15,9.96,-0.01,-1.95,-36.0,35.0,-31.0
0.39,0.13,0.15,9.96,-0.01,-1.95,-36.0,35.0,-31.0
0.39,0.13,0.15,9.96,-0.01,-1.95,-36.0,35.0,-31.0
0.39,0.13,0.15,9.96,-0.01,-1.95,-36.0,35.0,-31.0
0.39,0.13,0.15,9.96,-0.01,-1.95,-36.0,35.0,-31.0
0.36,0.15,0.13,10.0,0.01,-1.92,-36.0,35.0,-31.0
0.36,0.15,0.13,10.0,0.01,-1.92,-36.0,35.0,-31.0
0.36,0.15,0.13,10.0,0.01,-1.92,-36.0,35.0,-31.0
0.36,0.15,0.13,10.0,0.01,-1.92,-36.0,35.0,-31.0
0.36,0.15,0.13,10.0,0.01,-1.92,-36.0,35.0,-31.0
0.37,0.16,0.14,10.0,0.01,-1.9,-36.0,35.0,-31.0
0.37,0.16,0.14,10.0,0.01,-1.9,-36.0,35.0,-31.0
0.37,0.16,0.14,10.0,0.01,-1.9,-36.0,35.0,-31.0
0.37,0.16,0.14,10.0,0.01,-1.9,-36.0,35.0,-31.0
0.37,0.16,0.14,10.0,0.01,-1.9,-36.0,35.0,-31.0
0.36,0.15,0.16,10.03,0.02,-1.89,-36.0,35.0,-31.0
0.36,0.15,0.16,10.03,0.02,-1.89,-36.0,35.0,-31.0
0.36,0.15,0.16,10.03,0.02,-1.89,-36.0,35.0,-31.0
0.36,0.15,0.16,10.03,0.02,-1.89,-36.0,35.0,-31.0
0.36,0.15,0.16,10.03,0.02,-1.89,-36.0,35.0,-31.0
0.36,0.17,0.13,10.03,0.01,-1.9,-36.0,35.0,-31.0
0.36,0.17,0.13,10.03,0.01,-1.9,-36.0,35.0,-31.0
0.36,0.17,0.13,10.03,0.01,-1.9,-36.0,35.0,-31.0
0.36,0.17,0.13,10.03,0.01,-1.9,-36.0,35.0,-31.0
0.36,0.17,0.13,10.03,0.01,-1.9,-36.0,35.0,-31.0
0.36,0.17,0.13,10.03,0.01,-1.9,-36.0,35.0,-31.0
4.29,1.63,6.86,7.82,3.22,-2.15,-38.0,21.0,-25.0
4.29,1.63,6.86,7.82,3.22,-2.15,-38.0,21.0,-25.0
4.29,1.63,6.86,7.82,3.22,-2.15,-38.0,21.0,-25.0
4.29,1.63,6.86,7.82,3.22,-2.15,-38.0,21.0,-25.0
4.29,1.63,6.86,7.82,3.22,-2.15,-38.0,21.0,-25.0
-5.61,-20.59,8.9,11.12,2.7,5.2,-1.0,20.0,-30.0
-5.61,-20.59,8.9,11.12,2.7,5.2,-1.0,20.0,-30.0
-5.61,-20.59,8.9,11.12,2.7,5.2,-1.0,20.0,-30.0
-5.61,-20.59,8.9,11.12,2.7,5.2,-1.0,20.0,-30.0
-5.61,-20.59,8.9,11.12,2.7,5.2,-1.0,20.0,-30.0
-5.61,-20.59,8.9,11.12,2.7,5.2,-1.0,20.0,-30.0
5.87,-5.73,9.08,2.42,1.1,9.78,-11.0,-13.0,-33.0
5.87,-5.73,9.08,2.42,1.1,9.78,-11.0,-13.0,-33.0
5.87,-5.73,9.08,2.42,1.1,9.78,-11.0,-13.0,-33.0
5.87,-5.73,9.08,2.42,1.1,9.78,-11.0,-13.0,-33.0
5.87,-5.73,9.08,2.42,1.1,9.78,-11.0,-13.0,-33.0
5.87,-5.73,9.08,2.42,1.1,9.78,-11.0,-13.0,-33.0
-5.29,7.18,-0.42,8.94,4.51,-4.18,-23.0,37.0,-35.0
-5.29,7.18,-0.42,8.94,4.51,-4.18,-23.0,37.0,-35.0
-5.29,7.18,-0.42,8.94,4.51,-4.18,-23.0,37.0,-35.0
-5.29,7.18,-0.42,8.94,4.51,-4.18,-23.0,37.0,-35.0
-5.29,7.18,-0.42,8.94,4.51,-4.18,-23.0,37.0,-35.0
-7.64,-19.06,1.31,4.9,3.82,8.32,-4.0,7.0,-26.0
-7.64,-19.06,1.31,4.9,3.82,8.32,-4.0,7.0,-26.0
-7.64,-19.06,1.31,4.9,3.82,8.32,-4.0,7.0,-26.0
-7.64,-19.06,1.31,4.9,3.82,8.32,-4.0,7.0,-26.0
-7.64,-19.06,1.31,4.9,3.82,8.32,-4.0,7.0,-26.0
4.69,17.7,6.5,8.38,3.1,7.14,-14.0,8.0,-23.0
4.69,17.7,6.5,8.38,3.1,7.14,-14.0,8.0,-23.0
4.69,17.7,6.5,8.38,3.1,7.14,-14.0,8.0,-23.0
4.69,17.7,6.5,8.38,3.1,7.14,-14.0,8.0,-23.0
4.69,17.7,6.5,8.38,3.1,7.14,-14.0,8.0,-23.0
5.6,-25.0,-3.72,11.2,1.82,-0.57,-12.0,26.0,-27.0
5.6,-25.0,-3.72,11.2,1.82,-0.57,-12.0,26.0,-27.0
5.6,-25.0,-3.72,11.2,1.82,-0.57,-12.0,26.0,-27.0
5.6,-25.0,-3.72,11.2,1.82,-0.57,-12.0,26.0,-27.0
-3.96,-3.57,0.4,9.17,4.64,2.02,-15.0,26.0,-27.0
-3.96,-3.57,0.4,9.17,4.64,2.02,-15.0,26.0,-27.0
-3.96,-3.57,0.4,9.17,4.64,2.02,-15.0,26.0,-27.0
-1.23,0.23,-0.2,8.9,4.79,-0.36,-20.0,28.0,-26.0
-1.23,0.23,-0.2,8.9,4.79,-0.36,-20.0,28.0,-26.0
-1.23,0.23,-0.2,8.9,4.79,-0.36,-20.0,28.0,-26.0
-4.56,3.23,2.76,9.24,3.74,-0.7,-24.0,31.0,-28.0
-4.56,3.23,2.76,9.24,3.74,-0.7,-24.0,31.0,-28.0
-4.56,3.23,2.76,9.24,3.74,-0.7,-24.0,31.0,-28.0
-4.56,3.23,2.76,9.24,3.74,-0.7,-24.0,31.0,-28.0
-4.56,3.23,2.76,9.24,3.74,-0.7,-24.0,31.0,-28.0
-4.56,3.23,2.76,9.24,3.74,-0.7,-24.0,31.0,-28.0
2.97,-6.25,-0.63,9.03,1.86,0.02,-45.0,20.0,-29.0
2.97,-6.25,-0.63,9.03,1.86,0.02,-45.0,20.0,-29.0
2.97,-6.25,-0.63,9.03,1.86,0.02,-45.0,20.0,-29.0
2.97,-6.25,-0.63,9.03,1.86,0.02,-45.0,20.0,-29.0
2.97,-6.25,-0.63,9.03,1.86,0.02,-45.0,20.0,-29.0
2.24,1.24,-1.69,10.61,0.45,-2.43,-35.0,34.0,-31.0
2.24,1.24,-1.69,10.61,0.45,-2.43,-35.0,34.0,-31.0
2.24,1.24,-1.69,10.61,0.45,-2.43,-35.0,34.0,-31.0
2.24,1.24,-1.69,10.61,0.45,-2.43,-35.0,34.0,-31.0
2.24,1.24,-1.69,10.61,0.45,-2.43,-35.0,34.0,-31.0
0.34,0.08,0.16,9.92,-0.12,-2.26,-36.0,36.0,-32.0
0.34,0.08,0.16,9.92,-0.12,-2.26,-36.0,36.0,-32.0
0.34,0.08,0.16,9.92,-0.12,-2.26,-36.0,36.0,-32.0
0.34,0.08,0.16,9.92,-0.12,-2.26,-36.0,36.0,-32.0
0.34,0.08,0.16,9.92,-0.12,-2.26,-36.0,36.0,-32.0
0.34,0.08,0.16,9.92,-0.12,-2.26,-36.0,36.0,-32.0
0.38,0.12,0.13,9.91,-0.11,-2.27,-36.0,36.0,-32.0
0.38,0.12,0.13,9.91,-0.11,-2.27,-36.0,36.0,-32.0
0.38,0.12,0.13,9.91,-0.11,-2.27,-36.0,36.0,-32.0
0.38,0.12,0.13,9.91,-0.11,-2.27,-36.0,36.0,-32.0
0.38,0.12,0.13,9.91,-0.11,-2.27,-36.0,36.0,-32.0
0.38,0.12,0.13,9.91,-0.11,-2.27,-36.0,36.0,-32.0
0.37,0.18,0.14,9.91,-0.11,-2.33,-36.0,37.0,-32.0
0.37,0.18,0.14,9.91,-0.11,-2.33,-36.0,37.0,-32.0
0.37,0.18,0.14,9.91,-0.11,-2.33,-36.0,37.0,-32.0
0.37,0.18,0.14,9.91,-0.11,-2.33,-36.0,37.0,-32.0
0.37,0.18,0.14,9.91,-0.11,-2.33,-36.0,37.0,-32.0
0.39,0.14,0.12,9.91,-0.12,-2.25,-36.0,36.0,-32.0
0.39,0.14,0.12,9.91,-0.12,-2.25,-36.0,36.0,-32.0
0.39,0.14,0.12,9.91,-0.12,-2.25,-36.0,36.0,-32.0
0.39,0.14,0.12,9.91,-0.12,-2.25,-36.0,36.0,-32.0
0.39,0.14,0.12,9.91,-0.12,-2.25,-36.0,36.0,-32.0
0.39,0.14,0.12,9.91,-0.12,-2.25,-36.0,36.0,-32.0
0.35,0.13,0.14,9.95,-0.09,-2.3,-36.0,36.0,-32.0
0.35,0.13,0.14,9.95,-0.09,-2.3,-36.0,36.0,-32.0
0.35,0.13,0.14,9.95,-0.09,-2.3,-36.0,36.0,-32.0
0.35,0.13,0.14,9.95,-0.09,-2.3,-36.0,36.0,-32.0
0.35,0.13,0.14,9.95,-0.09,-2.3,-36.0,36.0,-32.0
0.36,0.14,0.13,9.93,-0.14,-2.23,-36.0,36.0,-32.0
0.36,0.14,0.13,9.93,-0.14,-2.23,-36.0,36.0,-32.0
0.36,0.14,0.13,9.93,-0.14,-2.23,-36.0,36.0,-32.0
0.36,0.14,0.13,9.93,-0.14,-2.23,-36.0,36.0,-32.0
0.36,0.14,0.13,9.93,-0.14,-2.23,-36.0,36.0,-32.0
0.36,0.14,0.13,9.93,-0.14,-2.23,-36.0,36.0,-32.0
0.35,0.15,0.16,9.92,-0.12,-2.28,-36.0,36.0,-32.0
0.35,0.15,0.16,9.92,-0.12,-2.28,-36.0,36.0,-32.0
0.35,0.15,0.16,9.92,-0.12,-2.28,-36.0,36.0,-32.0
0.35,0.15,0.16,9.92,-0.12,-2.28,-36.0,36.0,-32.0
0.35,0.15,0.16,9.92,-0.12,-2.28,-36.0,36.0,-32.0
0.34,0.16,0.17,9.95,-0.12,-2.34,-36.0,36.0,-32.0
0.34,0.16,0.17,9.95,-0.12,-2.34,-36.0,36.0,-32.0
0.34,0.16,0.17,9.95,-0.12,-2.34,-36.0,36.0,-32.0
0.34,0.16,0.17,9.95,-0.12,-2.34,-36.0,36.0,-32.0
0.34,0.16,0.17,9.95,-0.12,-2.34,-36.0,36.0,-32.0
0.34,0.15,0.12,9.91,-0.13,-2.36,-36.0,36.0,-33.0
0.34,0.15,0.12,9.91,-0.13,-2.36,-36.0,36.0,-33.0
0.34,0.15,0.12,9.91,-0.13,-2.36,-36.0,36.0,-33.0
0.34,0.15,0.12,9.91,-0.13,-2.36,-36.0,36.0,-33.0
0.34,0.15,0.12,9.91,-0.13,-2.36,-36.0,36.0,-33.0
0.36,0.14,0.14,9.97,-0.13,-2.34,-36.0,36.0,-32.0
0.36,0.14,0.14,9.97,-0.13,-2.34,-36.0,36.0,-32.0
0.36,0.14,0.14,9.97,-0.13,-2.34,-36.0,36.0,-32.0
0.36,0.14,0.14,9.97,-0.13,-2.34,-36.0,36.0,-32.0
0.35,0.14,0.13,9.92,-0.1,-2.31,-36.0,36.0,-33.0
0.35,0.14,0.13,9.92,-0.1,-2.31,-36.0,36.0,-33.0
0.35,0.14,0.13,9.92,-0.1,-2.31,-36.0,36.0,-33.0
0.35,0.14,0.13,9.92,-0.1,-2.31,-36.0,36.0,-33.0
0.35,0.14,0.13,9.92,-0.1,-2.31,-36.0,36.0,-33.0
0.36,0.14,0.14,9.92,-0.15,-2.34,-36.0,36.0,-32.0
0.36,0.14,0.14,9.92,-0.15,-2.34,-36.0,36.0,-32.0
0.36,0.14,0.14,9.92,-0.15,-2.34,-36.0,36.0,-32.0
0.36,0.14,0.14,9.92,-0.15,-2.34,-36.0,36.0,-32.0
0.37,0.12,0.13,9.92,-0.11,-2.31,-36.0,36.0,-33.0
0.37,0.12,0.13,9.92,-0.11,-2.31,-36.0,36.0,-33.0
0.37,0.12,0.13,9.92,-0.11,-2.31,-36.0,36.0,-33.0
0.37,0.12,0.13,9.92,-0.11,-2.31,-36.0,36.0,-33.0
0.37,0.12,0.13,9.92,-0.11,-2.31,-36.0,36.0,-33.0
0.36,0.1,0.14,9.95,-0.1,-2.27,-36.0,36.0,-32.0
0.36,0.1,0.14,9.95,-0.1,-2.27,-36.0,36.0,-32.0
0.36,0.1,0.14,9.95,-0.1,-2.27,-36.0,36.0,-32.0
0.36,0.1,0.14,9.95,-0.1,-2.27,-36.0,36.0,-32.0
0.36,0.1,0.14,9.95,-0.1,-2.27,-36.0,36.0,-32.0
0.37,0.16,0.11,9.93,-0.12,-2.37,-36.0,36.0,-32.0
0.37,0.16,0.11,9.93,-0.12,-2.37,-36.0,36.0,-32.0
0.37,0.16,0.11,9.93,-0.12,-2.37,-36.0,36.0,-32.0
0.37,0.16,0.11,9.93,-0.12,-2.37,-36.0,36.0,-32.0
0.37,0.16,0.11,9.93,-0.12,-2.37,-36.0,36.0,-32.0
0.35,0.14,0.1,9.89,-0.1,-2.35,-36.0,36.0,-32.0
0.35,0.14,0.1,9.89,-0.1,-2.35,-36.0,36.0,-32.0
0.35,0.14,0.1,9.89,-0.1,-2.35,-36.0,36.0,-32.0
0.35,0.14,0.1,9.89,-0.1,-2.35,-36.0,36.0,-32.0
0.35,0.14,0.1,9.89,-0.1,-2.35,-36.0,36.0,-32.0
0.37,0.14,0.12,9.96,-0.1,-2.35,-36.0,36.0,-32.0
0.37,0.14,0.12,9.96,-0.1,-2.35,-36.0,36.0,-32.0
0.37,0.14,0.12,9.96,-0.1,-2.35,-36.0,36.0,-32.0
0.37,0.14,0.12,9.96,-0.1,-2.35,-36.0,36.0,-32.0
0.37,0.14,0.12,9.96,-0.1,-2.35,-36.0,36.0,-32.0
0.37,0.14,0.12,9.96,-0.1,-2.35,-36.0,36.0,-32.0
0.36,0.16,0.11,9.92,-0.12,-2.34,-36.0,36.0,-32.0
0.36,0.16,0.11,9.92,-0.12,-2.34,-36.0,36.0,-32.0
0.36,0.16,0.11,9.92,-0.12,-2.34,-36.0,36.0,-32.0
0.36,0.16,0.11,9.92,-0.12,-2.34,-36.0,36.0,-32.0
0.36,0.16,0.11,9.92,-0.12,-2.34,-36.0,36.0,-32.0
0.36,0.16,0.12,9.9,-0.09,-2.32,-36.0,36.0,-32.0
0.36,0.16,0.12,9.9,-0.09,-2.32,-36.0,36.0,-32.0
0.36,0.16,0.12,9.9,-0.09,-2.32,-36.0,36.0,-32.0
0.36,0.16,0.12,9.9,-0.09,-2.32,-36.0,36.0,-32.0
0.36,0.16,0.12,9.9,-0.09,-2.32,-36.0,36.0,-32.0
0.37,0.15,0.13,9.95,-0.1,-2.36,-36.0,36.0,-33.0
0.37,0.15,0.13,9.95,-0.1,-2.36,-36.0,36.0,-33.0
0.37,0.15,0.13,9.95,-0.1,-2.36,-36.0,36.0,-33.0
0.37,0.15,0.13,9.95,-0.1,-2.36,-36.0,36.0,-33.0
0.37,0.15,0.13,9.95,-0.1,-2.36,-36.0,36.0,-33.0
0.38,0.15,0.11,9.89,-0.17,-2.33,-36.0,36.0,-33.0
0.38,0.15,0.11,9.89,-0.17,-2.33,-36.0,36.0,-33.0
0.38,0.15,0.11,9.89,-0.17,-2.33,-36.0,36.0,-33.0
0.38,0.15,0.11,9.89,-0.17,-2.33,-36.0,36.0,-33.0
0.38,0.15,0.11,9.89,-0.17,-2.33,-36.0,36.0,-33.0
0.36,0.13,0.14,9.92,-0.13,-2.35,-36.0,36.0,-33.0
0.36,0.13,0.14,9.92,-0.13,-2.35,-36.0,36.0,-33.0
0.36,0.13,0.14,9.92,-0.13,-2.35,-36.0,36.0,-33.0
0.36,0.13,0.14,9.92,-0.13,-2.35,-36.0,36.0,-33.0
0.36,0.13,0.14,9.92,-0.13,-2.35,-36.0,36.0,-33.0
0.38,0.14,0.11,9.9,-0.11,-2.32,-36.0,36.0,-33.0
0.38,0.14,0.11,9.9,-0.11,-2.32,-36.0,36.0,-33.0
0.38,0.14,0.11,9.9,-0.11,-2.32,-36.0,36.0,-33.0
0.38,0.14,0.11,9.9,-0.11,-2.32,-36.0,36.0,-33.0
0.36,0.16,0.12,9.91,-0.11,-2.33,-36.0,36.0,-33.0
0.36,0.16,0.12,9.91,-0.11,-2.33,-36.0,36.0,-33.0
0.36,0.16,0.12,9.91,-0.11,-2.33,-36.0,36.0,-33.0
0.36,0.16,0.12,9.91,-0.11,-2.33,-36.0,36.0,-33.0
0.36,0.16,0.12,9.91,-0.11,-2.33,-36.0,36.0,-33.0
0.36,0.16,0.12,9.91,-0.11,-2.33,-36.0,36.0,-33.0
0.35,0.13,0.09,9.88,-0.11,-2.36,-36.0,36.0,-33.0
0.35,0.13,0.09,9.88,-0.11,-2.36,-36.0,36.0,-33.0
0.35,0.13,0.09,9.88,-0.11,-2.36,-36.0,36.0,-33.0
0.35,0.13,0.09,9.88,-0.11,-2.36,-36.0,36.0,-33.0
0.38,0.16,0.14,9.9,-0.12,-2.41,-36.0,36.0,-32.0
0.38,0.16,0.14,9.9,-0.12,-2.41,-36.0,36.0,-32.0
0.38,0.16,0.14,9.9,-0.12,-2.41,-36.0,36.0,-32.0
0.38,0.16,0.14,9.9,-0.12,-2.41,-36.0,36.0,-32.0
0.38,0.16,0.14,9.9,-0.12,-2.41,-36.0,36.0,-32.0
0.37,0.15,0.11,9.92,-0.12,-2.36,-36.0,36.0,-33.0
0.37,0.15,0.11,9.92,-0.12,-2.36,-36.0,36.0,-33.0
0.37,0.15,0.11,9.92,-0.12,-2.36,-36.0,36.0,-33.0
0.37,0.15,0.11,9.92,-0.12,-2.36,-36.0,36.0,-33.0
0.37,0.15,0.11,9.92,-0.12,-2.36,-36.0,36.0,-33.0
0.37,0.15,0.11,9.92,-0.12,-2.36,-36.0,36.0,-33.0
0.37,0.18,0.13,9.91,-0.14,-2.42,-36.0,36.0,-33.0
0.37,0.18,0.13,9.91,-0.14,-2.42,-36.0,36.0,-33.0
0.37,0.18,0.13,9.91,-0.14,-2.42,-36.0,36.0,-33.0
0.37,0.18,0.13,9.91,-0.14,-2.42,-36.0,36.0,-33.0
0.37,0.18,0.13,9.91,-0.14,-2.42,-36.0,36.0,-33.0
0.37,0.18,0.13,9.91,-0.14,-2.42,-36.0,36.0,-33.0
0.37,0.13,0.11,9.95,-0.11,-2.37,-36.0,36.0,-33.0
0.37,0.13,0.11,9.95,-0.11,-2.37,-36.0,36.0,-33.0
0.37,0.13,0.11,9.95,-0.11,-2.37,-36.0,36.0,-33.0
0.37,0.13,0.11,9.95,-0.11,-2.37,-36.0,36.0,-33.0
0.36,0.17,0.11,9.86,-0.09,-2.35,-36.0,36.0,-32.0
0.36,0.17,0.11,9.86,-0.09,-2.35,-36.0,36.0,-32.0
0.36,0.17,0.11,9.86,-0.09,-2.35,-36.0,36.0,-32.0
0.36,0.17,0.11,9.86,-0.09,-2.35,-36.0,36.0,-32.0
0.36,0.17,0.11,9.86,-0.09,-2.35,-36.0,36.0,-32.0
0.28,-0.11,-0.04,9.8,-0.04,-2.63,-37.0,36.0,-34.0
0.28,-0.11,-0.04,9.8,-0.04,-2.63,-37.0,36.0,-34.0
0.28,-0.11,-0.04,9.8,-0.04,-2.63,-37.0,36.0,-34.0
0.28,-0.11,-0.04,9.8,-0.04,-2.63,-37.0,36.0,-34.0
0.28,-0.11,-0.04,9.8,-0.04,-2.63,-37.0,36.0,-34.0
0.28,-0.11,-0.04,9.8,-0.04,-2.63,-37.0,36.0,-34.0
2.82,-1.61,2.05,5.76,4.47,1.01,-33.0,13.0,-23.0
2.82,-1.61,2.05,5.76,4.47,1.01,-33.0,13.0,-23.0
2.82,-1.61,2.05,5.76,4.47,1.01,-33.0,13.0,-23.0
2.82,-1.61,2.05,5.76,4.47,1.01,-33.0,13.0,-23.0
2.82,-1.61,2.05,5.76,4.47,1.01,-33.0,13.0,-23.0
-2.39,-6.7,5.86,12.12,2.43,0.94,-2.0,31.0,-38.0
-2.39,-6.7,5.86,12.12,2.43,0.94,-2.0,31.0,-38.0
-2.39,-6.7,5.86,12.12,2.43,0.94,-2.0,31.0,-38.0
-2.39,-6.7,5.86,12.12,2.43,0.94,-2.0,31.0,-38.0
-2.39,-6.7,5.86,12.12,2.43,0.94,-2.0,31.0,-38.0
2.57,-14.16,9.0,8.22,-0.19,8.55,0.0,9.0,-29.0
2.57,-14.16,9.0,8.22,-0.19,8.55,0.0,9.0,-29.0
2.57,-14.16,9.0,8.22,-0.19,8.55,0.0,9.0,-29.0
2.57,-14.16,9.0,8.22,-0.19,8.55,0.0,9.0,-29.0
2.57,-14.16,9.0,8.22,-0.19,8.55,0.0,9.0,-29.0
9.35,9.92,6.43,4.12,0.48,7.38,-8.0,1.0,-26.0
9.35,9.92,6.43,4.12,0.48,7.38,-8.0,1.0,-26.0
9.35,9.92,6.43,4.12,0.48,7.38,-8.0,1.0,-26.0
9.35,9.92,6.43,4.12,0.48,7.38,-8.0,1.0,-26.0
9.35,9.92,6.43,4.12,0.48,7.38,-8.0,1.0,-26.0
5.49,13.02,6.02,6.07,2.17,4.8,-10.0,-2.0,-26.0
5.49,13.02,6.02,6.07,2.17,4.8,-10.0,-2.0,-26.0
5.49,13.02,6.02,6.07,2.17,4.8,-10.0,-2.0,-26.0
5.49,13.02,6.02,6.07,2.17,4.8,-10.0,-2.0,-26.0
5.49,13.02,6.02,6.07,2.17,4.8,-10.0,-2.0,-26.0
4.81,-25.0,12.11,6.5,2.66,3.22,-11.0,3.0,-25.0
4.81,-25.0,12.11,6.5,2.66,3.22,-11.0,3.0,-25.0
4.81,-25.0,12.11,6.5,2.66,3.22,-11.0,3.0,-25.0
4.81,-25.0,12.11,6.5,2.66,3.22,-11.0,3.0,-25.0
1.45,21.47,4.31,10.6,2.57,-2.47,-10.0,34.0,-35.0
1.45,21.47,4.31,10.6,2.57,-2.47,-10.0,34.0,-35.0
1.45,21.47,4.31,10.6,2.57,-2.47,-10.0,34.0,-35.0
3.3,12.28,4.85,9.97,3.69,0.59,-16.0,22.0,-25.0
3.3,12.28,4.85,9.97,3.69,0.59,-16.0,22.0,-25.0
3.3,12.28,4.85,9.97,3.69,0.59,-16.0,22.0,-25.0
3.3,12.28,4.85,9.97,3.69,0.59,-16.0,22.0,-25.0
3.3,12.28,4.85,9.97,3.69,0.59,-16.0,22.0,-25.0
-7.99,5.91,1.2,8.89,4.22,3.23,-30.0,18.0,-24.0
-7.99,5.91,1.2,8.89,4.22,3.23,-30.0,18.0,-24.0
-7.99,5.91,1.2,8.89,4.22,3.23,-30.0,18.0,-24.0
-7.99,5.91,1.2,8.89,4.22,3.23,-30.0,18.0,-24.0
-7.99,5.91,1.2,8.89,4.22,3.23,-30.0,18.0,-24.0
-7.99,5.91,1.2,8.89,4.22,3.23,-30.0,18.0,-24.0
2.18,-1.45,3.51,11.29,0.31,0.72,-34.0,30.0,-27.0
2.18,-1.45,3.51,11.29,0.31,0.72,-34.0,30.0,-27.0
2.18,-1.45,3.51,11.29,0.31,0.72,-34.0,30.0,-27.0
2.18,-1.45,3.51,11.29,0.31,0.72,-34.0,30.0,-27.0
2.18,-1.45,3.51,11.29,0.31,0.72,-34.0,30.0,-27.0
0.66,0.9,0.27,10.65,0.08,-1.21,-35.0,35.0,-31.0
0.66,0.9,0.27,10.65,0.08,-1.21,-35.0,35.0,-31.0
0.66,0.9,0.27,10.65,0.08,-1.21,-35.0,35.0,-31.0
0.66,0.9,0.27,10.65,0.08,-1.21,-35.0,35.0,-31.0
0.66,0.9,0.27,10.65,0.08,-1.21,-35.0,35.0,-31.0
0.36,0.14,0.13,9.99,-0.04,-1.89,-36.0,35.0,-31.0
0.36,0.14,0.13,9.99,-0.04,-1.89,-36.0,35.0,-31.0
0.36,0.14,0.13,9.99,-0.04,-1.89,-36.0,35.0,-31.0
0.36,0.14,0.13,9.99,-0.04,-1.89,-36.0,35.0,-31.0
0.36,0.14,0.13,9.99,-0.04,-1.89,-36.0,35.0,-31.0
0.36,0.14,0.13,9.99,-0.04,-1.89,-36.0,35.0,-31.0
0.36,0.14,0.1,10.03,-0.04,-1.91,-36.0,35.0,-31.0
0.36,0.14,0.1,10.03,-0.04,-1.91,-36.0,35.0,-31.0
0.36,0.14,0.1,10.03,-0.04,-1.91,-36.0,35.0,-31.0
0.36,0.14,0.1,10.03,-0.04,-1.91,-36.0,35.0,-31.0
0.36,0.14,0.1,10.03,-0.04,-1.91,-36.0,35.0,-31.0
0.36,0.14,0.1,10.03,-0.04,-1.91,-36.0,35.0,-31.0
0.37,0.17,0.14,10.02,-0.01,-1.86,-36.0,35.0,-31.0
0.37,0.17,0.14,10.02,-0.01,-1.86,-36.0,35.0,-31.0
0.37,0.17,0.14,10.02,-0.01,-1.86,-36.0,35.0,-31.0
0.37,0.17,0.14,10.02,-0.01,-1.86,-36.0,35.0,-31.0
0.37,0.17,0.14,10.02,-0.01,-1.86,-36.0,35.0,-31.0
0.35,0.15,0.15,10.02,-0.03,-1.87,-36.0,35.0,-31.0
0.35,0.15,0.15,10.02,-0.03,-1.87,-36.0,35.0,-31.0
0.35,0.15,0.15,10.02,-0.03,-1.87,-36.0,35.0,-31.0
0.35,0.15,0.15,10.02,-0.03,-1.87,-36.0,35.0,-31.0
0.35,0.15,0.15,10.02,-0.03,-1.87,-36.0,35.0,-31.0
0.38,0.1,0.15,10.0,-0.02,-1.89,-36.0,35.0,-31.0
0.38,0.1,0.15,10.0,-0.02,-1.89,-36.0,35.0,-31.0
0.38,0.1,0.15,10.0,-0.02,-1.89,-36.0,35.0,-31.0
0.38,0.1,0.15,10.0,-0.02,-1.89,-36.0,35.0,-31.0
0.38,0.1,0.15,10.0,-0.02,-1.89,-36.0,35.0,-31.0
0.38,0.1,0.15,10.0,-0.02,-1.89,-36.0,35.0,-31.0
0.36,0.12,0.14,10.0,0.01,-1.86,-36.0,35.0,-31.0
0.36,0.12,0.14,10.0,0.01,-1.86,-36.0,35.0,-31.0
0.36,0.12,0.14,10.0,0.01,-1.86,-36.0,35.0,-31.0
0.36,0.12,0.14,10.0,0.01,-1.86,-36.0,35.0,-31.0
0.36,0.12,0.14,10.0,0.01,-1.86,-36.0,35.0,-31.0
0.38,0.15,0.15,9.99,-0.01,-1.84,-36.0,35.0,-31.0
0.38,0.15,0.15,9.99,-0.01,-1.84,-36.0,35.0,-31.0
0.38,0.15,0.15,9.99,-0.01,-1.84,-36.0,35.0,-31.0
0.38,0.15,0.15,9.99,-0.01,-1.84,-36.0,35.0,-31.0
0.38,0.15,0.15,9.99,-0.01,-1.84,-36.0,35.0,-31.0
0.34,0.13,0.11,9.98,0.02,-1.83,-36.0,34.0,-31.0
0.34,0.13,0.11,9.98,0.02,-1.83,-36.0,34.0,-31.0
0.34,0.13,0.11,9.98,0.02,-1.83,-36.0,34.0,-31.0
0.34,0.13,0.11,9.98,0.02,-1.83,-36.0,34.0,-31.0
0.34,0.13,0.11,9.98,0.02,-1.83,-36.0,34.0,-31.0
0.35,0.15,0.12,10.02,-0.07,-1.84,-36.0,35.0,-31.0
0.35,0.15,0.12,10.02,-0.07,-1.84,-36.0,35.0,-31.0
0.35,0.15,0.12,10.02,-0.07,-1.84,-36.0,35.0,-31.0
0.35,0.15,0.12,10.02,-0.07,-1.84,-36.0,35.0,-31.0
0.35,0.15,0.12,10.02,-0.07,-1.84,-36.0,35.0,-31.0
0.36,0.16,0.13,10.01,-0.01,-1.9,-36.0,35.0,-31.0
0.36,0.16,0.13,10.01,-0.01,-1.9,-36.0,35.0,-31.0
0.36,0.16,0.13,10.01,-0.01,-1.9,-36.0,35.0,-31.0
0.36,0.16,0.13,10.01,-0.01,-1.9,-36.0,35.0,-31.0
0.36,0.16,0.13,10.01,-0.01,-1.9,-36.0,35.0,-31.0
0.36,0.19,0.13,10.03,-0.02,-1.88,-36.0,35.0,-31.0
0.36,0.19,0.13,10.03,-0.02,-1.88,-36.0,35.0,-31.0
0.36,0.19,0.13,10.03,-0.02,-1.88,-36.0,35.0,-31.0
0.38,0.14,0.11,9.98,-0.03,-1.86,-36.0,35.0,-31.0
0.38,0.14,0.11,9.98,-0.03,-1.86,-36.0,35.0,-31.0
0.38,0.14,0.11,9.98,-0.03,-1.86,-36.0,35.0,-31.0
0.38,0.14,0.13,10.0,-0.01,-1.86,-36.0,35.0,-31.0
0.38,0.14,0.13,10.0,-0.01,-1.86,-36.0,35.0,-31.0
0.38,0.14,0.13,10.0,-0.01,-1.86,-36.0,35.0,-31.0
0.38,0.14,0.13,10.0,-0.01,-1.86,-36.0,35.0,-31.0
0.36,0.16,0.13,10.02,-0.02,-1.88,-36.0,35.0,-31.0
0.36,0.16,0.13,10.02,-0.02,-1.88,-36.0,35.0,-31.0
0.36,0.16,0.13,10.02,-0.02,-1.88,-36.0,35.0,-31.0
0.36,0.16,0.13,10.02,-0.02,-1.88,-36.0,35.0,-31.0
0.37,0.14,0.12,10.01,-0.02,-1.89,-36.0,35.0,-31.0
0.37,0.14,0.12,10.01,-0.02,-1.89,-36.0,35.0,-31.0
0.37,0.14,0.12,10.01,-0.02,-1.89,-36.0,35.0,-31.0
0.37,0.14,0.12,10.01,-0.02,-1.89,-36.0,35.0,-31.0
0.36,0.15,0.13,10.03,-0.06,-1.84,-36.0,35.0,-31.0
0.36,0.15,0.13,10.03,-0.06,-1.84,-36.0,35.0,-31.0
0.36,0.15,0.13,10.03,-0.06,-1.84,-36.0,35.0,-31.0
0.35,0.15,0.1,10.03,-0.0,-1.9,-36.0,35.0,-31.0
0.35,0.15,0.1,10.03,-0.0,-1.9,-36.0,35.0,-31.0
0.35,0.15,0.1,10.03,-0.0,-1.9,-36.0,35.0,-31.0
0.38,0.18,0.12,10.02,-0.03,-1.83,-36.0,34.0,-31.0
0.38,0.18,0.12,10.02,-0.03,-1.83,-36.0,34.0,-31.0
0.35,0.15,0.11,9.99,-0.03,-1.84,-36.0,35.0,-31.0
0.35,0.15,0.11,9.99,-0.03,-1.84,-36.0,35.0,-31.0
0.35,0.15,0.11,9.99,-0.03,-1.84,-36.0,35.0,-31.0
0.36,0.15,0.11,9.4,-1.03,-3.78,-26.0,59.0,-60.0
0.38,0.16,0.11,9.39,-1.08,-3.72,-26.0,61.0,-60.0
0.38,0.16,0.11,9.39,-1.08,-3.72,-26.0,61.0,-60.0
0.37,0.14,0.11,9.38,-1.06,-3.8,-26.0,59.0,-60.0
0.37,0.14,0.11,9.38,-1.06,-3.8,-26.0,59.0,-60.0
0.37,0.14,0.11,9.38,-1.06,-3.8,-26.0,59.0,-60.0
0.37,0.14,0.11,9.38,-1.06,-3.8,-26.0,59.0,-60.0
0.37,0.14,0.11,9.38,-1.06,-3.8,-26.0,59.0,-60.0
0.36,0.16,0.11,9.35,-1.09,-3.82,-27.0,59.0,-60.0
0.36,0.16,0.11,9.35,-1.09,-3.82,-27.0,59.0,-60.0
0.36,0.16,0.11,9.35,-1.09,-3.82,-27.0,59.0,-60.0
0.36,0.17,0.12,9.36,-1.09,-3.8,-27.0,60.0,-59.0
0.36,0.17,0.12,9.36,-1.09,-3.8,-27.0,60.0,-59.0
0.36,0.17,0.12,9.36,-1.09,-3.8,-27.0,60.0,-59.0
0.36,0.17,0.12,9.36,-1.09,-3.8,-27.0,60.0,-59.0
0.35,0.14,0.12,9.37,-1.09,-3.79,-27.0,62.0,-61.0
0.35,0.14,0.12,9.37,-1.09,-3.79,-27.0,62.0,-61.0
0.35,0.14,0.12,9.37,-1.09,-3.79,-27.0,62.0,-61.0
0.35,0.14,0.12,9.37,-1.09,-3.79,-27.0,62.0,-61.0
0.37,0.16,0.12,9.36,-1.1,-3.77,-26.0,59.0,-59.0
0.37,0.16,0.12,9.36,-1.1,-3.77,-26.0,59.0,-59.0
0.37,0.16,0.12,9.36,-1.1,-3.77,-26.0,59.0,-59.0
0.37,0.16,0.12,9.36,-1.1,-3.77,-26.0,59.0,-59.0
0.36,0.14,0.13,9.39,-1.06,-3.75,-26.0,59.0,-60.0
0.36,0.14,0.13,9.39,-1.06,-3.75,-26.0,59.0,-60.0
0.36,0.14,0.13,9.39,-1.06,-3.75,-26.0,59.0,-60.0
0.34,0.14,0.14,9.38,-1.06,-3.79,-26.0,60.0,-59.0
0.34,0.14,0.14,9.38,-1.06,-3.79,-26.0,60.0,-59.0
0.34,0.14,0.14,9.38,-1.06,-3.79,-26.0,60.0,-59.0
0.36,0.13,0.13,9.36,-1.08,-3.8,-27.0,59.0,-59.0
0.36,0.13,0.13,9.36,-1.08,-3.8,-27.0,59.0,-59.0
0.36,0.13,0.13,9.36,-1.08,-3.8,-27.0,59.0,-59.0
0.36,0.13,0.13,9.36,-1.08,-3.8,-27.0,59.0,-59.0
0.37,0.15,0.13,9.4,-1.06,-3.81,-27.0,60.0,-59.0
0.37,0.15,0.13,9.4,-1.06,-3.81,-27.0,60.0,-59.0
0.39,0.14,0.12,9.41,-1.04,-3.79,-26.0,59.0,-60.0
0.39,0.14,0.12,9.41,-1.04,-3.79,-26.0,59.0,-60.0
0.39,0.14,0.12,9.41,-1.04,-3.79,-26.0,59.0,-60.0
0.39,0.14,0.12,9.41,-1.04,-3.79,-26.0,59.0,-60.0
0.35,0.17,0.17,9.39,-1.07,-3.8,-26.0,60.0,-60.0
0.35,0.17,0.17,9.39,-1.07,-3.8,-26.0,60.0,-60.0
0.35,0.17,0.17,9.39,-1.07,-3.8,-26.0,60.0,-60.0
0.35,0.17,0.17,9.39,-1.07,-3.8,-26.0,60.0,-60.0
0.38,0.15,0.11,9.39,-1.06,-3.78,-26.0,59.0,-60.0
0.38,0.15,0.11,9.39,-1.06,-3.78,-26.0,59.0,-60.0
0.38,0.15,0.11,9.39,-1.06,-3.78,-26.0,59.0,-60.0
0.38,0.15,0.11,9.39,-1.06,-3.78,-26.0,59.0,-60.0
0.36,0.15,0.12,9.39,-1.07,-3.79,-26.0,59.0,-60.0
0.36,0.15,0.12,9.39,-1.07,-3.79,-26.0,59.0,-60.0
0.36,0.15,0.12,9.39,-1.07,-3.79,-26.0,59.0,-60.0
0.36,0.15,0.12,9.39,-1.07,-3.79,-26.0,59.0,-60.0
0.39,0.16,0.13,9.39,-1.05,-3.79,-26.0,59.0,-60.0
0.39,0.16,0.13,9.39,-1.05,-3.79,-26.0,59.0,-60.0
0.39,0.16,0.13,9.39,-1.05,-3.79,-26.0,59.0,-60.0
0.39,0.16,0.13,9.39,-1.05,-3.79,-26.0,59.0,-60.0
0.35,0.16,0.12,9.37,-1.08,-3.86,-26.0,59.0,-59.0
0.35,0.16,0.12,9.37,-1.08,-3.86,-26.0,59.0,-59.0
0.35,0.16,0.12,9.37,-1.08,-3.86,-26.0,59.0,-59.0
0.36,0.14,0.11,9.39,-1.04,-3.83,-26.0,60.0,-60.0
0.36,0.14,0.11,9.39,-1.04,-3.83,-26.0,60.0,-60.0
0.36,0.14,0.11,9.39,-1.04,-3.83,-26.0,60.0,-60.0
0.36,0.14,0.11,9.39,-1.04,-3.83,-26.0,60.0,-60.0
-3.13,-4.97,-1.0,8.57,-1.68,-6.4,-21.0,57.0,-64.0
-3.13,-4.97,-1.0,8.57,-1.68,-6.4,-21.0,57.0,-64.0
-3.13,-4.97,-1.0,8.57,-1.68,-6.4,-21.0,57.0,-64.0
-3.13,-4.97,-1.0,8.57,-1.68,-6.4,-21.0,57.0,-64.0
7.8,3.89,1.14,10.52,-0.82,-2.08,-31.0,31.0,-26.0
7.8,3.89,1.14,10.52,-0.82,-2.08,-31.0,31.0,-26.0
7.8,3.89,1.14,10.52,-0.82,-2.08,-31.0,31.0,-26.0
-0.52,-0.1,-0.29,8.87,0.87,-3.08,-17.0,33.0,-28.0
-0.52,-0.1,-0.29,8.87,0.87,-3.08,-17.0,33.0,-28.0
-0.52,-0.1,-0.29,8.87,0.87,-3.08,-17.0,33.0,-28.0
-0.86,4.69,-10.21,10.35,1.31,-2.41,-20.0,35.0,-29.0
-0.86,4.69,-10.21,10.35,1.31,-2.41,-20.0,35.0,-29.0
-0.86,4.69,-10.21,10.35,1.31,-2.41,-20.0,35.0,-29.0
-0.86,4.69,-10.21,10.35,1.31,-2.41,-20.0,35.0,-29.0
-0.86,4.69,-10.21,10.35,1.31,-2.41,-20.0,35.0,-29.0
-6.14,-3.67,-3.99,8.53,3.38,-3.97,-21.0,37.0,-32.0
-6.14,-3.67,-3.99,8.53,3.38,-3.97,-21.0,37.0,-32.0
-6.14,-3.67,-3.99,8.53,3.38,-3.97,-21.0,37.0,-32.0
-6.14,-3.67,-3.99,8.53,3.38,-3.97,-21.0,37.0,-32.0
-6.14,-3.67,-3.99,8.53,3.38,-3.97,-21.0,37.0,-32.0
-6.14,-3.67,-3.99,8.53,3.38,-3.97,-21.0,37.0,-32.0
-6.14,-3.67,-3.99,8.53,3.38,-3.97,-21.0,37.0,-32.0
-6.14,-3.67,-3.99,8.53,3.38,-3.97,-21.0,37.0,-32.0
-6.14,-3.67,-3.99,8.53,3.38,-3.97,-21.0,37.0,-32.0
-6.14,-3.67,-3.99,8.53,3.38,-3.97,-21.0,37.0,-32.0
-6.14,-3.67,-3.99,8.53,3.38,-3.97,-21.0,37.0,-32.0
-6.14,-3.67,-3.99,8.53,3.38,-3.97,-21.0,37.0,-32.0
-6.14,-3.67,-3.99,8.53,3.38,-3.97,-21.0,37.0,-32.0
-6.14,-3.67,-3.99,8.53,3.38,-3.97,-21.0,37.0,-32.0
-6.14,-3.67,-3.99,8.53,3.38,-3.97,-21.0,37.0,-32.0
-6.14,-3.67,-3.99,8.53,3.38,-3.97,-21.0,37.0,-32.0
-6.14,-3.67,-3.99,8.53,3.38,-3.97,-21.0,37.0,-32.0
-6.14,-3.67,-3.99,8.53,3.38,-3.97,-21.0,37.0,-32.0
-6.14,-3.67,-3.99,8.53,3.38,-3.97,-21.0,37.0,-32.0
-6.14,-3.67,-3.99,8.53,3.38,-3.97,-21.0,37.0,-32.0
-6.14,-3.67,-3.99,8.53,3.38,-3.97,-21.0,37.0,-32.0
-6.14,-3.67,-3.99,8.53,3.38,-3.97,-21.0,37.0,-32.0
-6.14,-3.67,-3.99,8.53,3.38,-3.97,-21.0,37.0,-32.0
-6.14,-3.67,-3.99,8.53,3.38,-3.97,-21.0,37.0,-32.0
-6.14,-3.67,-3.99,8.53,3.38,-3.97,-21.0,37.0,-32.0
-6.14,-3.67,-3.99,8.53,3.38,-3.97,-21.0,37.0,-32.0
-6.14,-3.67,-3.99,8.53,3.38,-3.97,-21.0,37.0,-32.0
-6.14,-3.67,-3.99,8.53,3.38,-3.97,-21.0,37.0,-32.0
-6.14,-3.67,-3.99,8.53,3.38,-3.97,-21.0,37.0,-32.0
-6.14,-3.67,-3.99,8.53,3.38,-3.97,-21.0,37.0,-32.0
-6.14,-3.67,-3.99,8.53,3.38,-3.97,-21.0,37.0,-32.0
-6.14,-3.67,-3.99,8.53,3.38,-3.97,-21.0,37.0,-32.0
-6.14,-3.67,-3.99,8.53,3.38,-3.97,-21.0,37.0,-32.0
-6.14,-3.67,-3.99,8.53,3.38,-3.97,-21.0,37.0,-32.0
-6.14,-3.67,-3.99,8.53,3.38,-3.97,-21.0,37.0,-32.0
-6.14,-3.67,-3.99,8.53,3.38,-3.97,-21.0,37.0,-32.0
-6.14,-3.67,-3.99,8.53,3.38,-3.97,-21.0,37.0,-32.0
-6.14,-3.67,-3.99,8.53,3.38,-3.97,-21.0,37.0,-32.0
-6.14,-3.67,-3.99,8.53,3.38,-3.97,-21.0,37.0,-32.0
-6.14,-3.67,-3.99,8.53,3.38,-3.97,-21.0,37.0,-32.0
-6.14,-3.67,-3.99,8.53,3.38,-3.97,-21.0,37.0,-32.0
-6.14,-3.67,-3.99,8.53,3.38,-3.97,-21.0,37.0,-32.0
-6.14,-3.67,-3.99,8.53,3.38,-3.97,-21.0,37.0,-32.0
-6.14,-3.67,-3.99,8.53,3.38,-3.97,-21.0,37.0,-32.0
-6.14,-3.67,-3.99,8.53,3.38,-3.97,-21.0,37.0,-32.0
-6.14,-3.67,-3.99,8.53,3.38,-3.97,-21.0,37.0,-32.0
-6.14,-3.67,-3.99,8.53,3.38,-3.97,-21.0,37.0,-32.0
-6.14,-3.67,-3.99,8.53,3.38,-3.97,-21.0,37.0,-32.0
-6.14,-3.67,-3.99,8.53,3.38,-3.97,-21.0,37.0,-32.0
-6.14,-3.67,-3.99,8.53,3.38,-3.97,-21.0,37.0,-32.0
-6.14,-3.67,-3.99,8.53,3.38,-3.97,-21.0,37.0,-32.0
-6.14,-3.67,-3.99,8.53,3.38,-3.97,-21.0,37.0,-32.0
-6.14,-3.67,-3.99,8.53,3.38,-3.97,-21.0,37.0,-32.0
-6.14,-3.67,-3.99,8.53,3.38,-3.97,-21.0,37.0,-32.0
-6.14,-3.67,-3.99,8.53,3.38,-3.97,-21.0,37.0,-32.0
-6.14,-3.67,-3.99,8.53,3.38,-3.97,-21.0,37.0,-32.0
-6.14,-3.67,-3.99,8.53,3.38,-3.97,-21.0,37.0,-32.0
-6.14,-3.67,-3.99,8.53,3.38,-3.97,-21.0,37.0,-32.0
-6.14,-3.67,-3.99,8.53,3.38,-3.97,-21.0,37.0,-32.0
-6.14,-3.67,-3.99,8.53,3.38,-3.97,-21.0,37.0,-32.0
-6.14,-3.67,-3.99,8.53,3.38,-3.97,-21.0,37.0,-32.0
-6.14,-3.67,-3.99,8.53,3.38,-3.97,-21.0,37.0,-32.0
-6.14,-3.67,-3.99,8.53,3.38,-3.97,-21.0,37.0,-32.0
-6.14,-3.67,-3.99,8.53,3.38,-3.97,-21.0,37.0,-32.0
-6.14,-3.67,-3.99,8.53,3.38,-3.97,-21.0,37.0,-32.0
-6.14,-3.67,-3.99,8.53,3.38,-3.97,-21.0,37.0,-32.0
-6.14,-3.67,-3.99,8.53,3.38,-3.97,-21.0,37.0,-32.0
-6.14,-3.67,-3.99,8.53,3.38,-3.97,-21.0,37.0,-32.0
-6.14,-3.67,-3.99,8.53,3.38,-3.97,-21.0,37.0,-32.0
-6.14,-3.67,-3.99,8.53,3.38,-3.97,-21.0,37.0,-32.0
-6.14,-3.67,-3.99,8.53,3.38,-3.97,-21.0,37.0,-32.0
-6.14,-3.67,-3.99,8.53,3.38,-3.97,-21.0,37.0,-32.0
-6.14,-3.67,-3.99,8.53,3.38,-3.97,-21.0,37.0,-32.0
-6.14,-3.67,-3.99,8.53,3.38,-3.97,-21.0,37.0,-32.0
-6.14,-3.67,-3.99,8.53,3.38,-3.97,-21.0,37.0,-32.0
-6.14,-3.67,-3.99,8.53,3.38,-3.97,-21.0,37.0,-32.0
-6.14,-3.67,-3.99,8.53,3.38,-3.97,-21.0,37.0,-32.0
-6.14,-3.67,-3.99,8.53,3.38,-3.97,-21.0,37.0,-32.0
-6.14,-3.67,-3.99,8.53,3.38,-3.97,-21.0,37.0,-32.0
-6.14,-3.67,-3.99,8.53,3.38,-3.97,-21.0,37.0,-32.0
-6.14,-3.67,-3.99,8.53,3.38,-3.97,-21.0,37.0,-32.0
-6.14,-3.67,-3.99,8.53,3.38,-3.97,-21.0,37.0,-32.0
-6.14,-3.67,-3.99,8.53,3.38,-3.97,-21.0,37.0,-32.0
-6.14,-3.67,-3.99,8.53,3.38,-3.97,-21.0,37.0,-32.0
0.36,0.14,0.12,9.42,-1.14,-3.74,-32.0,61.0,-57.0
0.36,0.14,0.12,9.42,-1.14,-3.74,-32.0,61.0,-57.0
0.36,0.14,0.12,9.42,-1.14,-3.74,-32.0,61.0,-57.0
0.38,0.14,0.14,9.39,-1.13,-3.72,-33.0,61.0,-57.0
0.38,0.14,0.14,9.39,-1.13,-3.72,-33.0,61.0,-57.0
0.38,0.14,0.14,9.39,-1.13,-3.72,-33.0,61.0,-57.0
0.38,0.14,0.14,9.39,-1.13,-3.72,-33.0,61.0,-57.0
0.37,0.14,0.13,9.42,-1.15,-3.74,-32.0,62.0,-57.0
0.37,0.14,0.13,9.42,-1.15,-3.74,-32.0,62.0,-57.0
0.37,0.14,0.13,9.42,-1.15,-3.74,-32.0,62.0,-57.0
0.37,0.14,0.13,9.42,-1.15,-3.74,-32.0,62.0,-57.0
0.34,0.16,0.12,9.36,-1.17,-3.74,-32.0,62.0,-57.0
0.34,0.16,0.12,9.36,-1.17,-3.74,-32.0,62.0,-57.0
0.34,0.16,0.12,9.36,-1.17,-3.74,-32.0,62.0,-57.0
0.34,0.16,0.12,9.36,-1.17,-3.74,-32.0,62.0,-57.0
0.36,0.15,0.13,9.43,-1.17,-3.73,-32.0,61.0,-57.0
0.36,0.15,0.13,9.43,-1.17,-3.73,-32.0,61.0,-57.0
0.36,0.15,0.13,9.43,-1.17,-3.73,-32.0,61.0,-57.0
0.36,0.15,0.13,9.43,-1.17,-3.73,-32.0,61.0,-57.0
0.36,0.17,0.12,9.41,-1.15,-3.76,-32.0,61.0,-57.0
0.36,0.17,0.12,9.41,-1.15,-3.76,-32.0,61.0,-57.0
0.36,0.17,0.12,9.41,-1.15,-3.76,-32.0,61.0,-57.0
0.38,0.16,0.14,9.41,-1.17,-3.77,-32.0,61.0,-57.0
0.38,0.16,0.14,9.41,-1.17,-3.77,-32.0,61.0,-57.0
0.38,0.16,0.14,9.41,-1.17,-3.77,-32.0,61.0,-57.0
0.38,0.16,0.14,9.41,-1.17,-3.77,-32.0,61.0,-57.0
0.38,0.16,0.15,9.38,-1.17,-3.73,-32.0,63.0,-59.0
0.38,0.16,0.15,9.38,-1.17,-3.73,-32.0,63.0,-59.0
0.38,0.16,0.15,9.38,-1.17,-3.73,-32.0,63.0,-59.0
0.38,0.16,0.15,9.38,-1.17,-3.73,-32.0,63.0,-59.0
0.38,0.16,0.15,9.38,-1.17,-3.73,-32.0,63.0,-59.0
0.36,-1.43,0.11,9.4,-1.13,-3.79,-32.0,61.0,-57.0
0.36,-1.43,0.11,9.4,-1.13,-3.79,-32.0,61.0,-57.0
0.36,-1.43,0.11,9.4,-1.13,-3.79,-32.0,61.0,-57.0
0.36,-1.43,0.11,9.4,-1.13,-3.79,-32.0,61.0,-57.0
2.11,5.57,0.32,7.65,-1.8,-6.5,-29.0,50.0,-44.0
2.11,5.57,0.32,7.65,-1.8,-6.5,-29.0,50.0,-44.0
2.11,5.57,0.32,7.65,-1.8,-6.5,-29.0,50.0,-44.0
2.11,5.57,0.32,7.65,-1.8,-6.5,-29.0,50.0,-44.0
-0.73,-1.47,-4.13,8.62,-2.44,-3.28,-21.0,38.0,-25.0
-0.73,-1.47,-4.13,8.62,-2.44,-3.28,-21.0,38.0,-25.0
-0.73,-1.47,-4.13,8.62,-2.44,-3.28,-21.0,38.0,-25.0
-0.73,-1.47,-4.13,8.62,-2.44,-3.28,-21.0,38.0,-25.0
-2.52,-1.79,-2.7,10.36,-0.92,-2.18,-24.0,35.0,-23.0
-2.52,-1.79,-2.7,10.36,-0.92,-2.18,-24.0,35.0,-23.0
-2.52,-1.79,-2.7,10.36,-0.92,-2.18,-24.0,35.0,-23.0
-2.52,-1.79,-2.7,10.36,-0.92,-2.18,-24.0,35.0,-23.0
0.2,0.79,1.09,9.53,-2.76,-1.02,-26.0,52.0,-32.0
0.2,0.79,1.09,9.53,-2.76,-1.02,-26.0,52.0,-32.0
0.2,0.79,1.09,9.53,-2.76,-1.02,-26.0,52.0,-32.0
0.23,0.27,2.35,9.6,-1.3,-3.35,-29.0,62.0,-55.0
0.23,0.27,2.35,9.6,-1.3,-3.35,-29.0,62.0,-55.0
0.23,0.27,2.35,9.6,-1.3,-3.35,-29.0,62.0,-55.0
0.23,0.27,2.35,9.6,-1.3,-3.35,-29.0,62.0,-55.0
0.37,0.1,0.11,9.4,-1.17,-3.74,-29.0,60.0,-56.0
0.37,0.1,0.11,9.4,-1.17,-3.74,-29.0,60.0,-56.0
0.37,0.1,0.11,9.4,-1.17,-3.74,-29.0,60.0,-56.0
0.35,0.17,0.11,9.43,-1.17,-3.8,-29.0,61.0,-57.0
0.35,0.17,0.11,9.43,-1.17,-3.8,-29.0,61.0,-57.0
0.35,0.17,0.11,9.43,-1.17,-3.8,-29.0,61.0,-57.0
0.35,0.17,0.11,9.43,-1.17,-3.8,-29.0,61.0,-57.0
0.38,0.14,0.12,9.38,-1.2,-3.86,-30.0,61.0,-57.0
0.38,0.14,0.12,9.38,-1.2,-3.86,-30.0,61.0,-57.0
0.38,0.14,0.12,9.38,-1.2,-3.86,-30.0,61.0,-57.0
0.38,0.14,0.12,9.38,-1.2,-3.86,-30.0,61.0,-57.0
0.36,0.16,0.1,9.36,-1.18,-3.77,-29.0,62.0,-59.0
0.36,0.16,0.1,9.36,-1.18,-3.77,-29.0,62.0,-59.0
0.36,0.16,0.1,9.36,-1.18,-3.77,-29.0,62.0,-59.0
0.36,0.16,0.1,9.36,-1.18,-3.77,-29.0,62.0,-59.0
0.35,0.14,0.15,9.37,-1.16,-3.78,-30.0,60.0,-57.0
0.35,0.14,0.15,9.37,-1.16,-3.78,-30.0,60.0,-57.0
0.35,0.14,0.15,9.37,-1.16,-3.78,-30.0,60.0,-57.0
0.38,0.15,0.12,9.39,-1.19,-3.81,-29.0,60.0,-58.0
0.38,0.15,0.12,9.39,-1.19,-3.81,-29.0,60.0,-58.0
0.38,0.15,0.12,9.39,-1.19,-3.81,-29.0,60.0,-58.0
0.37,0.14,0.12,9.35,-1.18,-3.8,-29.0,60.0,-57.0
